-90.876 -56.901
-91.071 -55.471
-91.023 -53.580
-91.105 -50.889
-91.176 -49.177
-91.289 -47.775
-91.211 -46.674
-91.402 -44.707
-91.536 -43.041
-91.670 -41.375
-91.804 -39.709
-91.938 -38.043
-92.072 -36.377
-92.206 -34.711
-92.340 -33.045
-92.474 -31.378
-92.608 -29.712
-92.742 -28.046
-92.875 -26.380
-93.009 -24.714
-93.143 -23.048
-93.277 -21.382
-93.411 -19.716
-93.545 -18.050
-93.679 -16.384
-93.813 -14.717
-93.947 -13.051
-94.081 -11.385
-94.215 -9.719
-94.349 -8.053
-94.483 -6.387
-94.617 -4.721
-94.750 -3.055
-94.884 -1.389
-95.018 0.277
-95.152 1.944
-95.286 3.610
-95.420 5.276
-95.554 6.942
-95.688 8.608
-95.822 10.274
-95.956 11.940
-96.090 13.606
-96.224 15.272
-96.358 16.938
-96.492 18.604
-96.626 20.271
-96.759 21.937
-96.893 23.603
-97.027 25.269
-97.161 26.935
-97.295 28.601
-97.429 30.267
-97.563 31.933
-97.697 33.599
-97.831 35.265
-97.965 36.932
-98.099 38.598
-98.233 40.264
-98.367 41.930
-98.501 43.596
-98.634 45.262
-98.760 47.486
-98.651 49.612
-98.513 51.382
-98.271 53.189
-98.044 55.345
-97.677 57.417
-97.291 59.252
-96.839 61.101
-96.322 62.965
-95.734 64.779
-95.078 66.578
-94.353 68.348
-93.558 70.076
-92.693 71.763
-91.699 73.511
-90.573 75.266
-89.314 77.027
-87.982 78.722
-86.515 80.389
-84.850 82.082
-83.047 83.715
-80.979 85.378
-78.581 87.078
-75.975 88.686
-73.288 90.124
-70.589 91.391
-67.876 92.502
-65.152 93.471
-62.418 94.316
-59.676 95.054
-56.926 95.702
-54.168 96.242
-51.403 96.705
-48.632 97.091
-45.856 97.406
-43.074 97.657
-40.287 97.846
-37.496 97.978
-34.700 98.048
-31.899 98.060
-29.096 98.048
-26.290 97.997
-23.480 97.893
-20.666 97.742
-17.850 97.559
-15.029 97.325
-12.207 97.079
-9.383 96.803
-6.554 96.465
-3.725 96.118
-0.892 95.732
1.941 95.345
4.770 95.007
7.604 94.605
10.444 94.138
13.289 93.602
16.140 92.980
18.999 92.270
21.867 91.448
24.745 90.500
27.635 89.402
30.539 88.133
33.462 86.626
36.197 84.969
38.532 83.315
40.461 81.718
42.124 80.114
43.663 78.404
45.002 76.680
46.144 74.927
47.158 73.103
48.050 71.129
48.818 69.040
49.240 67.281
49.782 65.186
50.112 62.744
50.340 60.065
50.276 58.379
50.302 57.219
50.187 55.166
49.975 53.159
49.767 51.431
49.324 49.474
48.933 47.697
48.483 45.828
47.966 43.964
47.439 42.210
46.847 40.449
46.197 38.578
45.537 36.826
44.871 35.160
44.144 33.416
43.354 31.625
42.560 29.880
41.761 28.197
40.899 26.480
39.976 24.680
39.051 22.915
38.120 21.209
37.186 19.553
36.251 17.907
35.253 16.211
34.194 14.452
33.132 12.725
32.067 11.032
31.001 9.362
29.873 7.631
28.742 5.928
27.610 4.243
26.415 2.505
25.219 0.796
24.021 -0.898
22.821 -2.568
21.619 -4.222
20.417 -5.861
19.152 -7.551
18.083 -9.746
18.097 -12.681
18.230 -14.347
18.364 -16.013
18.498 -17.679
18.632 -19.346
18.766 -21.012
18.900 -22.678
19.034 -24.344
19.168 -26.010
19.302 -27.676
19.436 -29.342
19.570 -31.008
19.704 -32.674
19.838 -34.340
19.972 -36.006
20.106 -37.673
20.239 -39.339
20.373 -41.005
20.507 -42.671
20.641 -44.337
20.775 -46.003
20.909 -47.669
21.043 -49.335
21.155 -51.147
21.743 -53.068
22.755 -54.869
23.695 -56.601
24.641 -58.413
25.589 -60.244
26.542 -62.135
27.420 -63.936
28.223 -65.626
29.032 -67.387
29.845 -69.204
30.664 -71.092
31.411 -72.915
32.078 -74.571
32.757 -76.386
33.441 -78.251
34.052 -80.040
34.600 -81.880
35.129 -83.721
35.651 -85.667
36.179 -87.587
36.620 -89.586
36.942 -91.520
37.368 -93.915
37.633 -96.383
37.754 -98.710
37.729 -101.725
37.537 -104.317
37.224 -106.223
36.772 -108.072
36.249 -109.870
35.534 -111.767
34.678 -113.561
33.682 -115.274
32.484 -116.969
31.020 -118.676
29.286 -120.343
27.215 -121.971
24.741 -123.554
22.050 -124.937
19.340 -126.070
16.612 -126.994
13.870 -127.742
11.117 -128.348
8.355 -128.845
5.590 -129.300
2.822 -129.714
0.050 -130.088
-2.726 -130.411
-5.505 -130.702
-8.287 -130.938
-11.074 -131.125
-13.865 -131.261
-16.662 -131.318
-19.464 -131.322
-22.268 -131.297
-25.079 -131.176
-27.896 -130.993
-30.719 -130.723
-33.550 -130.366
-36.387 -129.924
-39.233 -129.382
-42.087 -128.730
-44.951 -127.950
-47.826 -127.043
-50.713 -125.987
-53.613 -124.763
-56.528 -123.354
-59.390 -121.772
-61.990 -120.138
-64.382 -118.474
-66.460 -116.819
-68.396 -115.139
-70.129 -113.496
-71.732 -111.815
-73.271 -110.095
-74.676 -108.380
-75.946 -106.698
-77.150 -104.993
-78.292 -103.232
-79.369 -101.453
-80.381 -99.649
-81.329 -97.824
-82.207 -96.028
-83.019 -94.221
-83.762 -92.452
-84.433 -90.736
-85.121 -88.822
-85.919 -86.637
-86.516 -84.740
-87.058 -82.819
-87.477 -81.089
-87.917 -79.098
-88.446 -76.836
-88.961 -74.247
-89.363 -72.147
-89.621 -70.188
-89.970 -67.917
-90.081 -66.128
-90.391 -64.337
-90.512 -62.426
-90.645 -60.760
-90.779 -59.094
-90.876 -56.901