0 20
2 20
4 20
6 20
8 20
10 20
12 20.16
14 20.48
16 20.72
18 20.64
20 20
22.16 18.8
24.48 17.2
26.72 15.2
28.64 12.8
30 10
30.8 6.48
31.2 2.24
31.2 -2.24
30.8 -6.48
30 -10
28.64 -12.8
26.72 -15.2
24.48 -17.2
22.16 -18.8
20 10 -20
18 -20.64
16 -20.72
14 -20.48
12 -20.16
10 -20
8 -20
6 -20
4 -20
2 -20
0 -20
-2 -20
-4 -20
-6 -20
-8 -20
-10 -20
-12 -20.16
-14 -20.48
-16 -20.72
-18 -20.64
-20 -20
-22.16 -18.8
-24.48 -17.2
-26.72 -15.2
-28.64 -12.8
-30 -10
-30.8 -6.48
-31.2 -2.24
-31.2 2.24
-30.8 6.48
-30 10
-28.64 12.8
-26.72 15.2
-24.48 17.2
-22.16 18.8
-20 20
-18 20.64
-16 20.72
-14 20.48
-12 20.16
-10 20
-8 20
-6 20
-4 20
-2 20